  -0.0092668191
   0.0029413139
   0.0040830770
   0.0009130311
   0.0018081977
  -0.0110232722
  -0.0126957255
  -0.0007168204
  -0.0013743159
  -0.0028340672
  -0.0026629452
  -0.0137427802
  -0.0136659810
  -0.0030386460
  -0.0086736683
   0.0112693064
  -0.0035040433
  -0.0095884210
  -0.0141915777
  -0.0242907449
  -0.0316299651
  -0.0339661428
  -0.0266114146
  -0.0473244084
  -0.0448703779
  -0.0455031106
  -0.0556275835
  -0.0417081582
  -0.0283407572
  -0.0489016676
  -0.0460399447
  -0.0208698671
  -0.0336857800
  -0.0355420991
  -0.0257985041
  -0.0140229820
  -0.0034638422
  -0.0116898037
  -0.0027173229
  -0.0115475892
  -0.0137878966
  -0.0130354851
  -0.0028138807
  -0.0007755504
  -0.0026038623
  -0.0018948161
  -0.0134125085
   0.0164260198
   0.0151075745
   0.0210162311
   0.0220065654
   0.0217760838
   0.0213780357
   0.0208684635
   0.0216932013
   0.0214114338
   0.0209838866
   0.0155111602
   0.0139890234
   0.0132617453
   0.0095382057
   0.0222238991
   0.0192801925
   0.0191146847
   0.0174927227
   0.0214055040
   0.0188471289
   0.0188308715
   0.0174245661
   0.0122713798
   0.0092548326
   0.0073771420
   0.0052345080
  -0.0090415527
   0.0156287375
   0.0122335043
   0.0056585385
  -0.0109133592
   0.0151135723
   0.0120813997
   0.0055199400
  -0.0114176401
   0.0063265716
   0.0048409606
  -0.0101343697
   0.0068234956
  -0.0026674738
   0.0130264951
   0.0170853539
  -0.0051743399
   0.0079314731
   0.0130745633
   0.0165964126
  -0.0050625436
   0.0080629850
   0.0070092894
  -0.0024008922
   0.0114553546
   0.0124406582
   0.0178416762
   0.0192067950
   0.0193241686
   0.0178162135
   0.0179363151
   0.0190774359
   0.0188950587
   0.0187366663
   0.0115454434
   0.0116770490
  -0.0077581462
   0.0009421979
   0.0017505815
   0.0097109264
  -0.0007340897
  -0.0000835382
  -0.0092800828
  -0.0100864031
  -0.0015528348
  -0.0023141150
   0.0067675414
   0.0061857584
  -0.0032096264
  -0.0034072938
  -0.0111082262
  -0.0126028959
  -0.0047432467
  -0.0096032169
  -0.0167134171
   0.0045708318
  -0.0183526775
  -0.0052250067
  -0.0105685698
  -0.0132190729
  -0.0199685775
  -0.0243776893
  -0.0257541094
  -0.0217595534
  -0.0340786042
  -0.0326324942
  -0.0206215457
  -0.0376641222
  -0.0404225059
  -0.0286516201
  -0.0212576697
  -0.0382152964
  -0.0408794135
  -0.0288680149
  -0.0231649046
  -0.0353875250
  -0.0336019232
  -0.0258290762
  -0.0268803278
  -0.0209879968
  -0.0129359620
  -0.0052253282
  -0.0118717310
  -0.0129340947
  -0.0047530705
  -0.0119353144
  -0.0128520221
  -0.0103843338
  -0.0034432924
  -0.0016381231
  -0.0034394867
  -0.0025162044
  -0.0108121925
   0.0115369307
   0.0119596153
   0.0160152759
   0.0168007947
   0.0169778901
   0.0163179806
   0.0193667379
   0.0181868364
   0.0184473454
   0.0182656977
   0.0185394662
   0.0158111196
   0.0163872597
   0.0164903985
   0.0157475163
   0.0106612293
   0.0109472702
   0.0087547743
   0.0082805892
   0.0148150549
   0.0144902854
   0.0135662538
   0.0121880883
   0.0192359456
   0.0164690463
   0.0159926229
   0.0152448798
   0.0149028029
   0.0140917002
   0.0140138455
   0.0132736893
   0.0123476741
   0.0076122089
   0.0075634598
   0.0036086326
  -0.0012446591
   0.0127343341
   0.0094871158
   0.0059952802
  -0.0013733492
  -0.0174709291
   0.0158679374
   0.0113809327
   0.0082806643
   0.0027444010
  -0.0086030599
   0.0114294554
   0.0090882090
   0.0057672859
  -0.0017086067
  -0.0185972356
   0.0030259503
  -0.0017815063
   0.0029654824
  -0.0030727813
   0.0085872266
   0.0114448962
  -0.0047042305
   0.0043983361
   0.0105007731
   0.0139035179
  -0.0145640134
   0.0000453390
   0.0069327874
   0.0086170742
   0.0109970309
  -0.0045724770
   0.0045350429
   0.0030990226
  -0.0028644676
   0.0074630202
   0.0087492045
   0.0130065172
   0.0142259263
   0.0146201176
   0.0118097317
   0.0149753988
   0.0158167872
   0.0162827512
   0.0177406102
   0.0155138087
   0.0131298583
   0.0140602398
   0.0141242993
   0.0127233919
   0.0074892567
   0.0081743451
  -0.0061179145
   0.0002920065
   0.0008804383
   0.0083687898
   0.0078877776
   0.0070038213
   0.0062510237
  -0.0010996196
  -0.0006352674
  -0.0074387931
  -0.0078506947
  -0.0014565269
  -0.0022785561
   0.0035510308
   0.0051485031
   0.0029837824
  -0.0028110119
  -0.0032445289
  -0.0088342291
  -0.0109971497
  -0.0050406125
  -0.0092052691
  -0.0148584351
   0.0015307471
  -0.0163618619
  -0.0055676341
  -0.0101285862
  -0.0116540056
  -0.0164546075
  -0.0192699743
  -0.0201467033
  -0.0178357612
  -0.0255905698
  -0.0246952090
  -0.0169238935
  -0.0284733058
  -0.0304076524
  -0.0223868211
  -0.0261538919
  -0.0326728211
  -0.0299784505
  -0.0181906664
  -0.0176965954
  -0.0291510650
  -0.0309622859
  -0.0226591155
  -0.0189568726
  -0.0266348026
  -0.0254731629
  -0.0203421790
  -0.0209856942
  -0.0171834378
  -0.0112982639
  -0.0055565260
  -0.0109318952
   0.0016686186
  -0.0124154115
   0.0020741799
  -0.0125189245
  -0.0052937670
  -0.0110876024
  -0.0113289270
  -0.0081079178
  -0.0031982066
  -0.0015630714
   0.0037652089
   0.0063316260
   0.0040084165
   0.0052723332
  -0.0033196021
  -0.0022973933
  -0.0085730920
   0.0095834867
   0.0099480734
   0.0137934139
   0.0140702088
   0.0143107086
   0.0140507641
   0.0141025640
   0.0155016991
   0.0154815243
   0.0154633342
   0.0155822956
   0.0136726255
   0.0137404929
   0.0139115823
   0.0135863613
   0.0088072838
   0.0090500303
   0.0073271848
   0.0066927941
   0.0132685018
   0.0122963869
   0.0116696413
   0.0106156324
   0.0145668080
   0.0135377117
   0.0129410011
   0.0123280866
   0.0134680809
   0.0125077328
   0.0118198114
   0.0113416915
   0.0104883041
   0.0063155352
   0.0060624322
   0.0022636171
  -0.0025503835
   0.0089621608
   0.0061545649
   0.0019952370
  -0.0061086538
   0.0108983819
   0.0078345005
   0.0043504262
  -0.0018181695
  -0.0142114687
   0.0083381757
   0.0058718209
   0.0017499214
  -0.0065605677
   0.0016871495
  -0.0031080292
   0.0016192941
  -0.0042985675
   0.0066267229
   0.0094373953
  -0.0041168441
   0.0029519318
   0.0082878294
   0.0115904291
  -0.0115029898
  -0.0005475044
   0.0050333414
   0.0066173241
   0.0090575217
  -0.0040248213
   0.0030367305
   0.0016925648
  -0.0041596436
   0.0059715757
   0.0072812679
   0.0107070582
   0.0117322039
   0.0123540130
   0.0138071908
   0.0098168702
   0.0123921600
   0.0130515583
   0.0136405088
   0.0149224582
   0.0129510976
   0.0108170336
   0.0116004888
   0.0119706914
   0.0127937679
   0.0105415134
   0.0059788525
   0.0067498311
  -0.0047986873
   0.0000663587
   0.0005069792
   0.0059812673
   0.0069760529
   0.0056452028
   0.0105354441
   0.0048605286
   0.0056547884
   0.0042950683
  -0.0011027979
  -0.0007673341
  -0.0059553147
  -0.0061950208
  -0.0012198134
  -0.0020667263
   0.0046690408
   0.0040452878
   0.0018254090
   0.0093000441
   0.0034203817
   0.0030646861
   0.0012596115
  -0.0023649420
  -0.0029397512
  -0.0071313486
  -0.0094661642
  -0.0048807180
  -0.0084285295
  -0.0001908233
  -0.0044936916
  -0.0128473836
   0.0000116387
  -0.0006989546
  -0.0050893796
  -0.0054390284
  -0.0092807771
  -0.0101277143
  -0.0136856768
  -0.0156006892
  -0.0161944255
  -0.0147782293
  -0.0199273638
  -0.0193453387
  -0.0174867105
  -0.0231978744
  -0.0229266368
  -0.0167999445
  -0.0229802888
  -0.0259665223
  -0.0226813572
  -0.0232318395
  -0.0261819940
  -0.0228303673
  -0.0181959418
  -0.0238287057
  -0.0234221290
  -0.0170308020
  -0.0156822121
  -0.0207626912
  -0.0199736565
  -0.0164245239
  -0.0168434529
  -0.0142403374
  -0.0097324063
  -0.0053948301
  -0.0097621189
  -0.0001256152
  -0.0112166845
  -0.0036192538
   0.0000989401
  -0.0114208550
  -0.0033654961
  -0.0052859365
  -0.0099623710
  -0.0098445181
  -0.0064157100
  -0.0028333812
  -0.0013385074
   0.0020405104
   0.0039782254
   0.0044457867
   0.0104535832
   0.0094726843
   0.0021465518
   0.0035984164
   0.0035695892
  -0.0030351155
  -0.0019805858
  -0.0069031675
   0.0077384047
   0.0113157540
   0.0115452878
   0.0112910619
   0.0133224740
   0.0131441982
   0.0131629471
   0.0132094691
   0.0142193478
   0.0132420520
   0.0130158642
   0.0130132021
   0.0130388150
   0.0140180043
   0.0109359907
   0.0110963868
   0.0107622240
   0.0047987038
   0.0103629234
   0.0097190839
   0.0090778497
   0.0079940344
   0.0133156290
   0.0117314969
   0.0110629779
   0.0104359585
   0.0101371145
   0.0130274891
   0.0115440713
   0.0109266818
   0.0103508410
   0.0101661065
   0.0091813567
   0.0087014317
   0.0078120574
   0.0062552809
   0.0038915058
   0.0001304419
  -0.0067995330
   0.0074724554
   0.0047762667
   0.0010299277
  -0.0054064566
   0.0072936786
   0.0046689315
   0.0009235150
  -0.0055825887
   0.0055915847
   0.0035402768
  -0.0001920042
  -0.0073501567
  -0.0042540010
   0.0042852142
  -0.0052078444
   0.0009390398
   0.0064523787
   0.0094105541
  -0.0090974057
  -0.0009784847
   0.0035462833
   0.0064306966
   0.0092471103
  -0.0090746530
  -0.0009491399
   0.0035652367
   0.0042542943
  -0.0051389706
   0.0010009824
  -0.0000752161
   0.0080968243
   0.0091296854
   0.0097612046
   0.0101809626
   0.0107975848
   0.0114306987
   0.0125080478
   0.0103244251
   0.0102344572
   0.0107644608
   0.0113250173
   0.0122739427
   0.0105999106
   0.0081896717
   0.0089690215
   0.0093293035
